54
69
6
3
81
48
10
7
44
84
14
2
26
44
85
20
27
89
73
87
73
63
8
84
21
55
93
4
49
29
19
51
86
71
28
91
64
78
66
63
74
14
11
58
11
2
25
41
97
75
61
95
15
22
64
60
77
40
57
54
87
98
29
54
71
78
49
7
75
87
73
54
16
49
36
88
58
43
50
67
83
32
32
48
9
98
55
87
51
92
87
63
5
2
36
39
64
31
3
96
81
78
28
20
24
94
19
12
8
60
57
5
59
21
26
93
10
16
61
85
38
61
74
60
51
53
55
79
8
84
73
26
9
86
46
97
47
21
87
76
60
94
62
75
33
45
32
23
62
52
92
7
29
30
47
84
46
61
35
78
18
46
8
59
88
73
89
10
91
89
39
70
52
71
75
92
40
97
7
47
83
23
31
89
31
83
11
89
29
44
71
36
60
82
26
28
72
86
82
86
64
35
71
65
72
85
93
49
39
70
79
28
37
13
79
96
78
3
60
65
23
77
99
65
65
78
20
64
18
94
99
60
39
47
36
6
66
69
91
10
33
12
76
53
2
41
86
100
25
86
40
100
7
14
3
76
19
87
15
50
69
39
37
73
99
86
67
16
88
65
42
42
96
25
39
13
77
87
20
85
24
43
23
8
49
97
28
99
63
77
62
62
11
53
7
24
97
52
96
19
75
81
91
52
21
82
11
80
28
9
38
96
74
68
62
5
55
84
22
67
44
69
74
80
59
9
70
91
89
93
94
42
93
96
25
64
69
31
77
56
94
20
49
5
6
80
50
48
55
80
81
25
84
2
27
17
56
44
43
44
94
61
49
97
73
1
100
82
6
91
8
86
78
10
8
73
37
64
84
42
96
48
100
97
37
20
35
38
94
45
73
28
2
82
3
43
55
75
34
6
25
23
82
36
38
81
14
75
94
8
94
39
57
91
65
72
7
19
45
22
68
43
2
69
100
3
18
84
44
45
79
25
74
11
49
24
37
16
49
79
39
37
40
3
50
38
1
78
77
3
15
23
60
94
28
99
88
1
87
82
53
20
42
73
89
51
81
89
43
39
6
20
30
46
83
44
87
20
46
21
31
7
37
2
75
12
57
11
5
3
13
15
76
81
83
94
98
61
7
30
81
62
12
25
67
35
13
48
39
24
22
24
96
56
70
9
51
83
90
82
70
8
14
65
71
17
13
24
65
38
40
50
42
27
53
75
15
74
11
67
10
74
82
96
28
46
37
57
65
79
58
19
2
27
14
5
78
42
13
48
12
96
27
24
68
82
36
89
40
52
11
10
69
86
26
72
33
30
11
30
50
73
61
59
61
58
15
37
89
3
18
80
58
81
74
11
64
39
6
25
9
98
35
36
92
16
89
26
20
39
37
66
10
23
51
93
25
86
30
5
59
89
26
17
89
79
79
65
16
59
87
67
79
45
84
60
83
35
7
40
83
66
84
77
1
6
24
12
41
47
38
51
3
61
78
56
29
94
17
79
96
76
73
33
60
22
47
54
89
33
6
61
98
67
65
17
9
56
72
33
72
13
20
63
55
17
80
26
80
10
83
8
15
65
55
58
26
33
91
70
50
71
41
7
46
94
22
36
30
43
24
37
54
39
48
40
93
2
97
46
54
72
30
56
93
66
28
25
50
79
95
66
28
76
47
19
79
86
75
30
63
26
66
5
52
63
88
76
70
78
59
17
62
14
17
83
97
57
13
31
17
93
99
45
12
32
32
21
10
39
27
6
83
82
36
14
96
25
32
3
100
35
69
7
22
44
81
11
93
79
85
77
95
73
52
100
59
63
92
17
24
53
45
29
10
26
82
58
81
34
80
23
90
51
74
79
99
43
8
75
54
78
6
43
13
52
22
11
53
71
56
21
6
45
55
73
72
87
23
97
30
10
10
1
2
78
39
11
1
46
28
34
40
26
91
98
82
6
43
44
34
95
64
47
77
40
36
81
80
71
98
20
23
32
81
99
54
90
23
66
40
97
87
22
16
34
98
27
3
8
92
25
71
4
86
99
85
26
67
48
93
6
79
71
86
25
87
54
80
83
28
28
17
68
51
58
7
1
1
68
2
51
22
45
49
19
38
97
79
35
95
41
31
82
24
54
66
38
32
43
63
64
34
65
92
47
40
6
36
3
6
86
41
48
64
37
59
98
29
5
41
86
40
87
21
48
40
12
6
95
29
44
82
95
66
36
81
2
29
66
58
98
99
32
27
21
98
95
2
73
57
89
29
9
66
70
2
37
58
50
45
7
21
31
99
77
53
8
67
92
49
69
50
68
73
14
32
88
35
9
83
8
26
95
13
46
22
59
95
11
4
78
32
5
40
68
61
67
46
15
10
83
16
96
89
47
8
42
59
96
5
63
91
81
93
45
57
12
89
3
10
97
55
90
85
58
7
17
23
83
96
51
85
62
86
24
32
36
91
81
3
1
13
60
88
80
11
43
79
39
71
62
95
84
45
37
20
54
95
30
55
26
31
22
48
5
46
45
17
53
61
55
59
1
27
48
69
56
65
62
19
80
1
5
89
45
61
97
87
21
21
89
8
17
18
8
46
31
2
55
83
91
63
9
89
76
51
11
99
40
98
2
91
65
25
68
5
21
29
8
4
33
71
71
65
9
4
27
91
40
81
64
36
13
86
6
85
12
96
74
92
6
84
92
96
54
89
42
7
79
41
15
3
72
92
53
6
42
90
83
62
31
56
79
12
10
4
46
79
65
88
66
78
52
23
1
9
95
1
90
79
49
43
98
74
82
45
66
65
3
19
91
59
54
69
90
19
33
23
63
90
90
16
80
12
35
31
21
30
84
44
80
5
91
21
44
68
80
5
87
83
17
97
21
54
38
37
23
60
3
78
55
6
91
88
14
90
39
28
76
97
82
46
80
72
96
96
4
29
87
80
76
35
56
28
2
15
29
79
81
83
61
23
65
12
5
74
41
25
92
38
77
31
7
24
73
83
6
69
82
81
52
32
97
33
18
94
51
8
14
13
18
2
2
72
38
98
93
64
95
93
36
25
93
54
87
54
44
95
31
24
32
66
84
59
62
68
4
51
87
45
45
84
12
40
16
24
2
95
19
53
13
76
50
28
1
72
36
72
34
36
76
73
4
27
96
8
89
69
85
9
69
76
25
13
90
14
92
87
62
60
77
29
76
31
71
21
62
54
11
81
18
48
38
61
16
29
44
3
28
45
36
88
44
23
64
69
23
52
4
88
73
13
23
3
93
91
95
22
32
40
37
79
44
96
3
74
65
4
95
20
95
43
26
71
58
89
33
15
53
47
44
39
85
16
56
96
54
71
26
45
39
20
70
41
70
51
7
18
62
53
67
22
78
24
79
96
54
82
93
33
46
71
1
91
60
58
3
21
73
73
80
22
92
16
44
59
91
35
60
100
60
100
25
67
49
55
91
1
52
89
86
77
35
82
18
33
9
30
20
19
44
63
75
37
63
93
32
25
10
28
49
8
72
53
9
50
39
29
78
76
14
70
90
28
97
62
8
81
52
39
46
44
66
56
96
80
50
49
33
43
2
59
16
19
50
38
82
63
29
98
42
40
79
58
29
93
72
29
94
38
46
27
57
10
84
65
50
21
3
82
5
61
95
67
68
14
62
67
3
37
42
7
50
45
79
3
28
93
62
79
21
68
63
81
6
33
29
86
55
61
24
5
4
95
53
29
54
11
42
57
59
12
33
73
59
90
46
40
23
93
74
16
3
12
87
25
54
14
93
4
5
79
27
86
8
18
96
9
88
22
43
9
68
70
76
36
44
87
44
46
33
47
87
3
45
97
56
59
85
64
8
28
51
70
7
33
99
67
39
50
33
84
37
100
64
29
46
98
63
35
24
50
42
78
48
63
73
58
63
77
35
72
69
4
9
26
43
6
24
35
46
23
94
41
86
18
70
43
49
80
64
80
39
42
74
10
10
38
72
31
86
100
19
5
35
16
66
39
2
91
50
82
22
16
80
36
17
26
46
65
46
9
8
82
58
27
28
97
27
31
61
64
43
15
29
47
44
53
5
52
69
87
86
62
32
87
83
98
86
54
38
15
49
44
9
94
31
16
67
25
84
82
49
96
7
32
25
93
8
73
62
29
91
61
15
18
14
27
87
36
49
30
11
91
37
85
6
87
96
94
40
20
44
20
79
37
29
83
47
25
20
38
85
14
7
39
89
47
34
18
94
19
24
27
31
37
8
93
78
93
84
92
4
44
87
41
24
66
25
64
27
16
29
77
87
7
3
30
75
98
64
50
66
47
96
42
73
28
100
11
6
49
37
68
51
77
50
8
65
16
83
42
95
59
21
69
7
86
81
89
52
51
11
30
72
36
31
19
22
42
14
63
20
98
68
89
93
48
78
32
27
24
87
6
69
66
87
71
79
32
10
25
38
85
24
2
97
49
94
87
13
62
31
83
83
30
47
10
61
19
12
60
25
40
24
33
73
92
46
32
3
90
49
93
87
18
12
99
87
77
88
26
97
37
54
19
22
18
43
37
97
20
87
75
36
72
22
58
83
61
2
8
69
100
12
9
43
14
91
54
61
27
65
40
4
70
39
81
48
79
74
79
88
84
4
15
3
80
3
81
80
34
46
89
50
45
48
74
54
32
83
92
34
62
23
29
81
93
23
71
17
27
89
99
69
62
15
40
33
88
66
43
16
16
43
62
3
18
74
12
66
34
92
17
8
98
70
32
19
19
21
49
54
93
48
78
42
50
12
69
67
81
99
16
11
44
9
49
35
57
99
54
100
22
86
80
22
32
57
78
95
21
94
57
78
34
91
97
4
72
52
79
73
12
77
20
95
56
97
12
13
44
40
57
91
53
52
37
13
19
30
100
7
17
91
36
60
5
41
67
19
25
60
64
69
49
40
10
34
83
1
61
12
28
81
69
28
66
27
59
50
27
79
46
64
5
30
1
6
24
5
42
50
61
88
23
91
22
11
36
59
61
86
70
92
81
33
61
17
73
80
8
100
4
93
72
95
10
86
67
97
20
69
84
51
52
28
71
1
70
83
2
95
41
84
82
12
75
72
97
50
96
57
5
50
89
70
98
92
31
96
40
75
3
53
17
96
18
95
34
79
13
74
85
78
35
85
99
55
93
88
8
18
62
52
84
30
32
98
53
76
83
70
95
38
34
61
58
90
46
15
49
36
51
88
10
65
60
22
75
57
54
2
28
40
62
20
29
89
49
78
55
3
29
97
55
80
48
91
4
59
93
55
79
3
93
78
71
82
68
39
76
74
7
1
73
36
13
54
42
20
88
91
19
76
73
61
25
58
3
100
85
60
13
82
85
43
41
26
87
22
73
85
61
13
50
7
31
37
24
72
38
81
10
20
46
27
33
79
97
56
91
1
69
32
48
25
74
34
18
16
12
49
44
89
41
18
42
59
9
71
91
46
33
7
45
68
37
73
52
48
63
19
86
68
15
51
81
8
86
4
64
49
21
83
29
96
39
56
75
6
2
97
2
45
61
35
52
20
79
100
23
50
98
64
77
68
77
66
95
59
11
24
79
27
19
74
92
95
84
97
92
33
98
100
84
5
1
53
45
33
98
16
30
35
99
74
4
13
91
98
45
91
65
99
41
52
73
13
90
50
21
99
79
4
48
7
21
93
63
66
60
70
50
71
6
31
3
28
70
80
100
57
95
87
61
42
39
17
68
10
51
14
48
98
80
74
5
95
99
67
73
91
10
74
57
21
56
51
64
27
37
1
63
47
66
94
11
85
24
73
68
10
32
10
93
63
93
34
1
69
92
61
45
7
67
40
42
96
72
42
22
18
30
42
84
100
67
21
89
3
16
88
79
80
13
89
57
46
73
2
90
43
35
58
87
35
56
92
2
3
42
6
21
49
24
84
60
58
32
63
55
1
10
37
40
39
41
42
42
82
1
61
18
3
59
88
70
60
98
98
47
64
75
41
76
20
63
72
70
80
57
7
23
44
96
3
42
71
2
19
38
96
69
66
29
65
25
80
73
38
64
75
3
31
14
6
97
80
78
84
28
3
74
74
56
83
42
74
36
83
35
93
46
12
68
99
60
23
64
76
61
85
10
75
42
2
49
12
30
61
14
17
29
20
63
46
4
80
99
56
95
85
90
85
58
72
4
26
53
93
64
96
78
43
72
29
47
10
66
8
71
4
86
25
4
67
59
3
58
78
7
53
35
28
77
79
21
37
70
39
37
96
50
78
75
38
68
81
57
88
7
96
47
71
69
80
29
26
19
49
14
41
95
88
27
44
12
32
73
35
92
33
17
41
73
37
66
80
3
29
94
47
40
26
98
12
83
6
23
24
91
83
48
46
71
17
85
48
93
10
95
44
22
96
52
2
45
55
65
62
95
89
4
72
23
57
20
62
43
94
35
39
68
21
10
77
95
97
27
91
40
52
68
94
33
86
51
72
94
5
28
75
14
3
31
87
27
51
30
13
20
80
1
29
35
8
85
69
73
67
93
22
39
33
17
59
74
63
2
66
28
42
71
63
93
100
56
94
3
64
100
26
35
52
53
24
18
6
88
73
62
24
92
16
4
78
84
77
60
64
56
38
65
28
71
6
56
13
36
22
19
60
11
66
34
24
4
54
93
16
16
72
49
33
46
69
21
28
70
95
97
11
5
60
36
15
67
71
90
88
64
6
70
18
58
8
20
11
71
69
18
98
83
94
57
85
79
5
52
11
93
72
24
47
5
68
83
45
9
4
77
77
15
46
87
87
60
4
81
32
71
95
43
49
38
11
87
50
9
20
22
59
22
84
97
74
82
87
35
14
20
100
41
27
29
55
92
70
71
78
55
64
34
10
4
100
97
35
82
8
51
84
1
70
35
90
94
21
52
66
36
83
68
79
91
30
7
65
11
5
3
89
41
41
47
93
63
6
27
53
2
32
59
73
34
22
50
7
84
21
78
83
19
85
50
55
8
69
6
77
28
8
74
15
36
54
99
36
46
1
29
18
99
33
27
76
30
34
24
7
70
21
83
62
37
34
90
22
28
10
73
25
81
68
24
10
87
73
34
3
19
20
45
42
36
72
65
69
91
75
20
7
21
44
26
50
7
2
54
79
81
24
16
87
98
83
26
61
72
76
62
74
2
33
53
3
36
88
24
3
39
1
39
12
40
92
71
25
9
28
58
19
53
1
23
65
68
70
15
24
10
38
70
26
43
47
85
50
44
27
73
90
88
64
83
68
2
15
49
87
50
64
92
72
63
43
83
85
54
25
94
36
12
43
33
15
8
3
27
54
7
25
43
46
18
36
76
70
3
81
71
15
86
76
16
79
59
32
4
38
83
5
4
86
51
53
76
16
39
49
20
32
89
47
56
28
50
96
11
23
80
61
96
73
6
56
51
93
54
67
49
99
29
21
1
1
82
92
79
26
91
72
63
38
30
91
8
32
24
95
44
14
5
34
48
98
88
80
8
65
60
6
44
46
89
78
37
6
63
10
17
76
83
93
37
55
99
31
39
62
4
53
30
27
41
61
52
27
70
30
69
24
50
36
46
66
4
97
8
66
77
38
10
9
1
36
71
56
9
83
19
35
37
87
4
49
50
5
43
49
58
12
46
21
60
65
68
50
82
93
61
67
9
54
1
99
7
24
97
98
96
42
44
15
53
36
95
45
68
67
41
11
57
28
18
15
24
36
28
67
12
2
12
92
1
22
20
84
36
71
91
63
16
89
32
12
72
20
23
48
99
14
68
48
78
1
92
7
29
54
20
92
37
95
33
60
2
25
42
68
3
60
18
25
28
17
51
23
25
78
33
32
67
2
9
30
37
37
78
93
28
53
31
47
29
2
78
29
49
6
52
5
20
73
49
30
63
22
86
38
24
53
9
29
81
65
50
8
68
23
30
17
50
41
56
25
43
17
19
19
98
39
79
55
60
58
98
90
80
59
52
10
34
25
76
99
84
84
35
8
95
80
70
96
37
39
37
85
6
11
49
37
13
4
100
1
64
30
94
23
75
24
3
33
87
42
36
78
58
68
37
58
56
82
65
29
71
1
3
83
79
28
81
37
19
49
83
83
23
6
76
29
51
56
28
10
86
68
84
45
40
82
19
58
78
98
98
68
31
26
18
75
56
28
73
43
21
96
65
96
30
97
15
76
53
36
5
6
82
17
49
8
92
19
37
83
21
59
73
59
26
97
77
20
97
29
84
26
94
15
49
46
18
54
16
87
3
67
26
54
81
69
65
23
48
33
22
21
59
33
75
89
98
21
2
1
41
7
29
17
73
82
10
99
65
74
45
59
29
22
46
7
47
1
16
67
38
65
10
68
1
62
41
53
2
28
16
85
95
6
22
60
51
90
92
72
4
67
35
35
100
20
80
80
26
84
24
55
27
60
48
3
97
88
97
24
94
67
31
59
36
81
97
80
54
92
20
12
35
69
28
23
38
73
91
80
68
99
39
32
53
7
3
22
90
77
93
22
51
28
88
99
52
47
41
39
27
4
55
79
64
39
54
27
36
48
35
58
25
41
83
61
43
33
72
29
83
23
59
67
76
92
100
56
38
93
44
65
42
21
96
75
19
45
38
2
88
80
89
67
42
30
54
6
90
22
86
72
39
2
94
99
21
96
36
68
12
53
6
36
97
84
76
45
1
5
1
11
93
36
50
77
19
79
64
78
12
8
40
48
45
87
29
21
47
92
52
47
20
28
83
57
22
30
100
94
79
83
3
66
35
3
53
11
72
25
3
97
66
81
43
29
66
60
95
10
91
64
68
34
91
12
63
83
3
22
79
89
40
66
37
94
23
14
32
22
93
14
57
55
98
89
30
67
83
35
64
27
37
76
40
59
76
94
42
74
74
42
43
38
71
37
21
84
75
13
26
4
5
67
53
28
11
33
78
2
50
16
4
37
9
31
40
59
7
75
46
73
26
30
54
59
70
11
41
77
36
75
49
16
74
37
92
34
4
15
87
18
19
78
83
58
62
93
6
69
4
72
11
92
69
52
37
61
46
46
97
2
43
67
61
78
86
34
88
59
75
24
31
39
100
63
14
69
44
73
35
14
69
94
78
41
71
75
29
19
93
73
3
43
54
31
23
99
75
87
39
19
79
82
87
59
29
76
98
41
87
86
18
32
22
42
6
65
49
1
58
51
75
27
38
79
31
44
31
73
2
83
40
20
39
100
95
73
50
90
21
69
10
10
35
22
65
27
81
79
92
92
63
25
56
94
25
69
72
18
14
99
73
5
96
98
19
3
19
31
66
58
76
75
100
77
91
28
46
89
11
96
92
14
55
8
100
49
66
25
27
69
76
92
10
69
54
59
74
91
13
5
95
44
33
37
90
71
67
90
19
75
74
53
41
56
67
75
8
63
33
31
46
75
44
57
31
77
42
68
29
52
96
50
27
72
16
17
48
79
97
84
1
63
58
39
19
94
70
23
45
38
67
58
31
36
23
55
29
100
13
85
21
25
35
93
77
65
38
68
59
14
35
18
68
9
4
33
30
88
47
22
57
78
97
18
68
62
32
28
52
53
54
74
25
75
94
77
4
60
67
89
96
84
65
39
73
15
72
24
28
11
12
58
3
54
58
64
47
25
76
33
95
29
100
56
24
38
55
74
53
20
59
26
58
47
72
1
23
73
87
75
28
75
33
18
63
46
31
96
60
54
40
43
8
30
22
22
47
16
82
83
72
51
92
82
76
32
51
97
78
63
17
36
76
92
51
61
69
29
46
61
68
98
5
15
49
68
91
91
81
56
71
60
17
32
40
86
46
54
19
43
87
3
77
72
14
38
26
70
12
44
75
56
51
71
56
33
78
66
61
52
24
59
65
59
1
90
10
54
12
14
77
37
89
4
49
89
32
17
6
61
85
89
100
21
65
72
15
64
90
60
66
77
50
2
21
21
88
88
96
9
36
27
41
41
64
40
24
24
74
75
99
51
44
6
47
11
80
15
9
50
52
90
46
36
31
32
85
27
81
61
28
30
47
31
62
17
32
16
45
1
7
91
20
88
36
42
2
98
16
14
7
12
65
7
20
9
15
84
48
72
20
18
46
98
41
68
60
14
80
86
52
17
56
79
10
67
60
15
83
44
38
36
95
31
57
5
53
60
83
67
11
27
15
9
88
30
51
62
63
94
95
28
32
26
24
74
35
3
76
7
69
90
16
54
74
98
41
50
18
19
34
41
52
2
31
89
26
100
80
39
69
93
38
70
72
22
91
99
55
17
56
17
23
66
81
88
62
64
75
94
73
78
6
30
80
63
6
99
5
16
17
91
68
39
19
70
47
33
61
48
100
24
76
76
98
69
1
10
63
51
39
79
54
9
21
8
59
97
90
55
28
51
76
60
22
2
3
51
16
33
90
13
25
23
21
9
62
89
55
68
94
1
85
33
77
76
34
88
19
97
22
23
47
47
63
32
68
44
46
63
59
71
60
13
50
78
18
66
92
83
70
70
15
32
17
57
51
52
49
73
84
60
10
50
45
1
49
85
27
18
24
39
64
94
61
86
84
58
37
62
60
96
48
11
68
17
70
3
10
14
26
54
4
2
80
6
76
96
55
68
89
98
22
8
58
78
51
82
6
93
91
42
73
80
50
89
84
3
19
67
24
83
1
28
85
40
93
41
13
61
76
90
93
54
85
100
35
76
74
88
48
8
68
72
1
8
82
14
95
45
51
28
89
36
96
71
38
89
52
91
19
70
9
79
94
52
89
26
76
4
37
3
45
19
76
69
62
41
81
30
6
24
99
2
57
57
36
82
6
77
67
53
47
25
22
17
38
77
53
4
26
53
57
57
82
21
23
11
84
94
89
2
84
35
68
56
24
10
79
29
41
60
15
16
95
46
63
18
53
82
77
29
77
63
86
71
68
66
8
68
27
19
66
41
68
15
74
46
59
70
72
9
66
97
47
24
95
96
22
73
50
69
96
46
46
2
18
34
42
69
94
32
43
87
46
80
61
94
77
83
80
82
7
31
56
58
41
43
16
29
6
65
37
80
28
5
77
25
16
43
67
82
81
97
86
89
82
52
60
88
59
94
11
27
31
87
31
32
85
86
71
65
2
92
21
81
50
68
15
77
40
66
74
100
53
62
17
2
5
55
47
47
88
67
23
17
41
92
73
11
97
66
53
43
13
47
28
57
20
33
70
69
50
48
72
63
85
40
93
45
73
25
100
67
35
30
52
68
68
93
94
13
32
16
82
95
11
97
7
13
4
98
90
49
43
95
81
37
99
50
66
7
86
2
65
69
89
37
34
87
13
98
93
41
58
85
14
53
3
500